412	346	283	223	171	128	97	82	82	97	128	171	223	283	346	412	
351	291	233	178	130	90	62	47	47	62	90	130	178	233	291	351	
296	242	190	141	97	61	36	22	22	36	61	97	141	190	242	296	
246	199	154	111	72	41	18	6	6	18	41	72	111	154	199	246	
200	161	123	87	55	28	9	0	0	9	28	55	87	123	161	200	
158	128	97	69	43	22	7	0	0	7	22	43	69	97	128	158	
120	97	76	55	36	21	10	4	4	10	21	36	55	76	97	120	
83	70	57	44	33	24	17	14	14	17	24	33	44	57	70	83	
48	43	39	36	32	29	27	26	26	27	29	32	36	39	43	48	
13	18	23	28	32	36	38	40	40	38	36	32	28	23	18	13	
-22	-8	6	19	31	41	48	52	52	48	41	31	19	6	-8	-22	
-59	-36	-13	8	28	44	55	61	61	55	44	28	8	-13	-36	-59	
-98	-66	-35	-5	20	42	58	66	66	58	42	20	-5	-35	-66	-98	
-140	-100	-61	-24	8	35	55	65	65	55	35	8	-24	-61	-100	-140	
-187	-139	-92	-49	-9	22	45	57	57	45	22	-9	-49	-92	-139	-187	
-237	-183	-129	-80	-35	0	26	40	40	26	0	-35	-80	-129	-183	-237	
-293	-232	-173	-118	-69	-29	0	14	14	0	-29	-69	-118	-173	-232	-293	
-355	-288	-224	-164	-111	-68	-37	-32	-32	-37	-68	-111	-164	-224	-288	-355	
