1650	1518	1386	1257	1132	1010	894	785	684	593	513	445	391	352	328	320	328	352	391	445	513	593	684	785	894	1010	1132	1257	1386	1518	1650	
1525	1399	1273	1149	1028	911	800	695	598	510	432	367	315	277	254	246	254	277	315	367	432	510	598	695	800	911	1028	1149	1273	1399	1525	
1407	1286	1166	1048	932	821	714	613	520	435	361	299	249	212	190	182	190	212	249	299	361	435	520	613	714	821	932	1048	1166	1286	1407	
1294	1179	1066	953	843	737	635	539	451	370	299	239	191	157	135	128	135	157	191	239	299	370	451	539	635	737	843	953	1066	1179	1294	
1186	1078	971	865	761	661	565	474	389	313	246	189	144	110	90	83	90	110	144	189	246	313	389	474	565	661	761	865	971	1078	1186	
1083	982	882	783	686	591	501	415	336	264	201	147	105	73	54	48	54	73	105	147	201	264	336	415	501	591	686	783	882	982	1083	
985	892	799	706	616	528	444	364	290	223	164	114	74	45	27	21	27	45	74	114	164	223	290	364	444	528	616	706	799	892	985	
892	806	720	635	552	471	393	320	252	190	135	89	52	25	8	3	8	25	52	89	135	190	252	320	393	471	552	635	720	806	892	
803	725	647	569	493	420	349	282	220	163	113	71	37	12	-2	-7	-2	12	37	71	113	163	220	282	349	420	493	569	647	725	803	
717	647	577	508	440	374	310	250	194	143	98	60	29	7	-6	-11	-6	7	29	60	98	143	194	250	310	374	440	508	577	647	717	
635	573	512	451	391	332	276	223	173	128	88	55	28	8	-3	-7	-3	8	28	55	88	128	173	223	276	332	391	451	512	573	635	
556	503	450	397	345	295	246	201	158	119	84	55	32	15	4	1	4	15	32	55	84	119	158	201	246	295	345	397	450	503	556	
480	435	391	347	304	261	221	182	147	114	85	61	41	27	18	15	18	27	41	61	85	114	147	182	221	261	304	347	391	435	480	
405	370	335	299	265	231	198	168	139	113	90	70	54	43	36	33	36	43	54	70	90	113	139	168	198	231	265	299	335	370	405	
333	307	280	254	228	203	179	156	134	115	98	83	71	62	57	55	57	62	71	83	98	115	134	156	179	203	228	254	280	307	333	
262	245	227	210	193	177	161	146	132	119	108	98	90	85	81	80	81	85	90	98	108	119	132	146	161	177	193	210	227	245	262	
192	183	175	167	159	152	144	137	131	125	119	115	111	109	107	107	107	109	111	115	119	125	131	137	144	152	159	167	175	183	192	
122	123	124	125	126	127	128	129	130	131	132	133	133	134	134	134	134	134	133	133	132	131	130	129	128	127	126	125	124	123	122	
52	62	73	83	93	103	112	121	130	138	144	150	155	158	160	161	160	158	155	150	144	138	130	121	112	103	93	83	73	62	52	
-18	1	20	40	59	78	96	113	129	143	156	167	175	182	186	187	186	182	175	167	156	143	129	113	96	78	59	40	20	1	-18	
-89	-60	-32	-3	24	51	77	102	126	147	166	181	194	204	209	211	209	204	194	181	166	147	126	102	77	51	24	-3	-32	-60	-89	
-162	-124	-87	-49	-12	23	57	90	120	148	173	193	210	222	230	232	230	222	210	193	173	148	120	90	57	23	-12	-49	-87	-124	-162	
-237	-190	-144	-97	-52	-8	34	74	112	146	176	202	223	238	247	250	247	238	223	202	176	146	112	74	34	-8	-52	-97	-144	-190	-237	
-314	-258	-203	-148	-95	-42	7	55	100	140	176	206	231	248	259	263	259	248	231	206	176	140	100	55	7	-42	-95	-148	-203	-258	-314	
-394	-330	-266	-203	-141	-80	-22	32	83	130	171	206	234	254	266	271	266	254	234	206	171	130	83	32	-22	-80	-141	-203	-266	-330	-394	
-476	-404	-332	-261	-191	-123	-57	4	61	114	160	199	230	253	267	272	267	253	230	199	160	114	61	4	-57	-123	-191	-261	-332	-404	-476	
-563	-483	-403	-324	-246	-170	-98	-29	34	92	143	186	221	246	262	267	262	246	221	186	143	92	34	-29	-98	-170	-246	-324	-403	-483	-563	
-653	-565	-477	-391	-306	-223	-144	-69	0	63	119	166	204	232	249	254	249	232	204	166	119	63	0	-69	-144	-223	-306	-391	-477	-565	-653	
-748	-652	-557	-463	-371	-281	-196	-115	-39	28	88	139	180	210	228	234	228	210	180	139	88	28	-39	-115	-196	-281	-371	-463	-557	-652	-748	
-847	-744	-642	-541	-442	-346	-254	-167	-87	-14	49	104	147	179	198	205	198	179	147	104	49	-14	-87	-167	-254	-346	-442	-541	-642	-744	-847	
-951	-841	-732	-625	-519	-417	-320	-228	-142	-65	2	60	106	140	160	167	160	140	106	60	2	-65	-142	-228	-320	-417	-519	-625	-732	-841	-951	
-1060	-944	-828	-715	-603	-496	-392	-295	-205	-124	-52	8	56	91	113	120	113	91	56	8	-52	-124	-205	-295	-392	-496	-603	-715	-828	-944	-1060	
-1174	-1052	-930	-811	-694	-581	-473	-371	-277	-191	-116	-53	-2	33	56	63	56	33	-2	-53	-116	-191	-277	-371	-473	-581	-694	-811	-930	-1052	-1174	
-1294	-1166	-1039	-914	-792	-674	-561	-455	-357	-268	-190	-124	-71	-33	-10	-2	-10	-33	-71	-124	-190	-268	-357	-455	-561	-674	-792	-914	-1039	-1166	-1294	
-1420	-1286	-1154	-1024	-897	-774	-657	-547	-445	-353	-273	-205	-150	-128	-128	-128	-128	-128	-150	-205	-273	-353	-445	-547	-657	-774	-897	-1024	-1154	-1286	-1420	
