927	640	390	172	-10	-155	-266	-342	-380	-390	-368	-314	-242	-151	-47	63	173	277	368	441	494	516	512	471	395	285	139	-43	-261	-514	-798	
820	539	293	78	-98	-237	-342	-411	-443	-443	-412	-352	-267	-170	-53	63	186	296	400	478	538	573	572	541	471	367	228	47	-163	-410	-691	
719	444	201	-6	-180	-313	-414	-478	-500	-494	-456	-390	-299	-188	-66	63	192	315	425	516	582	623	629	604	544	442	310	136	-72	-315	-593	
628	353	113	-89	-256	-389	-481	-534	-557	-541	-494	-422	-321	-201	-72	63	198	334	450	548	620	667	683	664	607	515	385	218	13	-227	-498	
542	271	37	-164	-329	-452	-540	-591	-607	-585	-532	-447	-343	-220	-78	63	211	346	469	579	658	712	733	717	670	581	455	291	91	-144	-413	
463	195	-38	-234	-392	-515	-597	-642	-651	-623	-563	-478	-362	-233	-85	63	217	359	494	605	696	753	778	771	727	641	518	360	164	-66	-334	
391	126	-101	-297	-452	-569	-651	-689	-696	-661	-595	-504	-384	-245	-94	63	223	372	513	630	724	787	822	818	777	698	581	423	230	3	-261	
325	62	-164	-354	-505	-622	-695	-730	-733	-693	-627	-526	-400	-258	-97	63	230	384	532	655	753	825	860	863	821	749	635	483	290	66	-195	
265	6	-218	-407	-556	-667	-739	-771	-765	-724	-652	-548	-419	-271	-103	63	236	397	545	674	778	850	891	901	866	793	682	534	347	123	-138	
211	-44	-265	-451	-600	-704	-777	-806	-797	-749	-671	-567	-431	-277	-110	63	236	403	558	693	803	882	923	932	903	834	726	578	394	173	-85	
167	-88	-309	-493	-638	-742	-809	-834	-822	-775	-696	-579	-444	-283	-116	63	242	416	570	712	822	901	951	964	935	869	764	622	435	217	-37	
126	-126	-347	-527	-669	-774	-834	-863	-847	-794	-709	-592	-457	-296	-116	63	249	422	583	725	841	923	973	989	967	900	796	653	473	255	0	
94	-161	-376	-556	-695	-799	-859	-882	-866	-813	-728	-605	-463	-296	-122	63	249	428	589	737	854	939	992	1008	989	925	824	685	505	287	0	
66	-186	-401	-578	-720	-818	-878	-901	-882	-825	-734	-617	-469	-302	-122	63	249	435	595	744	866	951	1011	1027	1008	947	846	707	530	312	0	
44	-205	-420	-597	-736	-837	-894	-913	-891	-838	-746	-624	-475	-308	-122	63	255	435	602	750	873	964	1024	1039	1023	963	865	726	549	331	0	
31	-217	-432	-609	-748	-846	-903	-923	-904	-844	-753	-630	-482	-308	-129	63	255	441	608	756	879	970	1030	1052	1033	976	878	739	562	347	0	
25	-227	-442	-616	-755	-853	-910	-926	-904	-850	-753	-630	-482	-308	-129	63	255	441	608	756	885	977	1036	1055	1036	982	884	745	568	353	0	
22	-227	-442	-619	-758	-853	-910	-929	-907	-850	-753	-630	-482	-315	-129	63	255	441	608	762	885	977	1036	1058	1039	982	884	748	568	356	0	
25	-224	-439	-616	-752	-850	-910	-926	-904	-844	-753	-630	-482	-308	-129	63	255	441	608	756	879	977	1030	1052	1036	976	878	742	565	350	0	
37	-211	-429	-603	-742	-843	-900	-919	-898	-838	-746	-624	-475	-308	-129	63	255	435	608	756	879	970	1024	1046	1030	970	871	732	555	341	0	
56	-195	-410	-590	-726	-827	-888	-907	-888	-831	-740	-617	-475	-308	-122	63	255	435	602	750	866	958	1017	1033	1017	957	856	717	540	325	0	
78	-173	-391	-568	-707	-812	-872	-891	-872	-819	-731	-611	-469	-302	-122	63	249	428	595	737	860	945	1002	1020	998	938	837	698	518	300	0	
110	-145	-360	-543	-682	-786	-847	-872	-857	-806	-718	-598	-457	-296	-122	63	249	422	589	731	847	932	986	1002	979	913	811	669	489	271	0	
145	-110	-328	-508	-654	-758	-821	-850	-834	-787	-702	-586	-450	-289	-116	63	242	416	576	718	829	914	961	976	951	887	783	638	454	236	-18	
189	-66	-290	-470	-619	-723	-790	-818	-809	-762	-683	-573	-438	-283	-110	63	242	409	564	699	810	891	939	948	922	853	745	600	417	195	-59	
239	-19	-243	-429	-578	-685	-758	-787	-784	-737	-664	-554	-425	-271	-110	63	236	403	551	687	791	869	910	916	885	815	707	559	372	148	-110	
293	34	-192	-382	-531	-644	-717	-752	-749	-712	-639	-535	-412	-264	-103	63	230	390	539	661	765	838	879	882	847	774	660	508	319	94	-167	
356	94	-132	-325	-480	-597	-673	-711	-714	-680	-614	-516	-393	-252	-97	63	223	378	520	643	740	806	841	837	802	723	606	455	262	34	-227	
426	160	-69	-265	-423	-540	-626	-667	-670	-642	-582	-491	-374	-239	-91	63	217	365	501	617	709	772	803	793	752	670	550	395	199	-31	-296	
501	233	0	-199	-360	-483	-569	-616	-626	-604	-551	-466	-356	-226	-85	63	211	353	482	592	677	730	759	746	695	610	486	325	129	-103	-372	
583	312	75	-126	-291	-420	-512	-566	-582	-563	-513	-434	-330	-214	-78	63	204	340	463	560	639	693	708	692	638	547	420	256	54	-186	-454	
672	397	157	-47	-218	-351	-449	-506	-531	-516	-475	-403	-311	-195	-69	63	198	321	438	529	601	645	658	635	575	480	348	177	-27	-271	-546	
770	489	245	34	-139	-278	-380	-446	-475	-469	-431	-371	-286	-176	-59	63	186	308	412	497	563	598	601	572	506	408	265	92	-116	-362	-640	
871	590	340	125	-54	-199	-304	-377	-411	-415	-387	-333	-255	-157	-53	63	179	289	384	459	519	544	544	503	433	326	183	3	-211	-460	-744	
